1 initial pos =(0.13584999999999897, 2.162633376545653e-08, 0.36915899999999974) (-1.680365126962005e-08, -1.680365229856022e-08, -0.7071067595373669, 0.7071068028357271) [0, 0, -1.5707962655617684]
    final pos = (0.1358499869788751, 0.11420678381465857, 0.3448087879297993) (-0.14744917191414036, -0.14744918872535126, -0.6915624951477904, 0.69156257399532) [0, -0.4201323704159684, -1.5707962127813035]

2. initial pos = (0.016149984691716662, 0.2500000211882713, 0.5141589634406524) (0.5000000212510625, 0.5000000518676287, 0.4999999481323703, -0.4999999787489323) [0, -1.5707963267948966, 4.712389041617818]
    final pos = (0.016149971238081304, 0.3741105787826852, 0.32415096233650215) (0.6340479940729469, 0.6340480428190624, 0.3130225275785675, -0.3130225516439892) [-3.141592653589793, -0.9171721684090792, 1.5707964036756912]

3. initial pos = (0.016149975981304146, 0.3922500211882695, 0.5141589426383839) (0.5000000062078462, 0.5000000368244117, -0.4999999631755882, 0.499999993792151) [0, 1.5707963267948966, -1.5707962655617682]
    final pos = (0.01614997589302402, 0.4867583478396572, 0.24366062594913337) (0.44144769407982964, 0.441447715942771, -0.5523802210695317, 0.5523802484264682) [0, 1.348473682588277, -1.5707962772693427]

4. initial pos = (0.10914997598130398, 0.39225002688295046, 0.5141589426383839) (-1.3675110877020558e-07, 0.707106811614936, -0.7071067507581384, -9.345273854766135e-08) [-1.5707964128594152, 0, -3.141592592356637]
    final pos = (0.1091499231527266, 0.48696392600981314, 0.23945711946143927) (4.2451834453283165e-07, -0.6228983106788517, 0.7823028151253737, 4.097014783543962e-07) [-1.3448842163318668, 0, 3.1415925414320727]

5. initial pos = (0.1091499817770196, 0.29760002688295095, 0.5141589344923773) (0.5000001017116168, -0.5000000610670648, 0.49999985525610263, -0.4999999819651808) [-1.5707966523522876, 0, -1.5707961594412805]
    final pos = (0.1091499293027613, 0.39469197752247803, 0.26105245490187357) (0.5530913700963193, -0.44055697758977047, 0.5530907469463239, -0.4405565928053972) [-1.5707973818739749, -0.2255463176792641, -1.5707959674138727]

6. initial pos = (0.1091499549836451, 0.2976000339660592, 0.4318589344923819) (-2.8741769686480005e-08, 0.7071068962884572, 8.959511721418066e-08, 0.7071066660846129) [0, 1.5707963267948966, 0]
    final pos = (0.10914982283220298, 0.3762628162704571, 0.1781799680180573) (-0.08045551895774122, 0.7025154019255564, -0.08045535652712688, 0.702514024865488) [-1.5708050003069662, 1.342740092037868, -1.5708047690938525]

7. initial pos = (0.1091499549836451, 0.2976000339660592, 0.4318589344923819) (-8.367689422048904e-08, 0.9999999999979968, 4.3029661013613894e-08, -1.9993812510055164e-06) [3.141592567530137, 0, -3.1415924862358326]
    final pos = (0.10914984908433323, 0.3762864980223012, 0.18083694315780915) (8.74979224699257e-08, 0.9936478437160283, -0.11253427332619959, -2.3289033497242424e-06) [-2.916046335903196, 0, 3.141591955542657]

8. initial pos = (0.16014993911588712, 0.29760004250110855, 0.4318587305555581) (-8.367689422048904e-08, 0.9999999999979968, 4.3029661013613894e-08, -1.9993812510055164e-06) [3.141592567530137, 0, -3.1415924862358326]
    final pos = (0.17379933185036922, 0.37629250410661774, 0.18352557844377623) (9.77995145146071e-08, 0.9937897137748073, -0.11127445703263693, -2.7329365206996137e-06) [-2.918581894556965, 0, 3.1415918509934353]

9. initial pos = (0.1601498471443494, 0.2976000444804653, 0.40885873055574207) (-8.367689422048904e-08, 0.9999999999979968, 4.3029661013613894e-08, -1.9993812510055164e-06) [3.141592567530137, 0, -3.1415924862358326]
    final pos = (0.1741112915491734, 0.3710458970470137, 0.15528039530484364) (1.0278156429427423e-07, 0.9934790690506239, -0.1140146453331334, -2.8026811655923475e-06) [-2.913066412026052, 0, 3.1415918102737295]

10. initial pos = (0.05814994431826187, 0.29759989009789767, 0.4318591384293001) (0.9999999999970056, 1.4104717908952908e-06, -1.999381193912222e-06, -4.303231378241637e-08) [-3.1415925675195253, 0, 0]
    final pos = (0.044582426309385, 0.3762877812693875, 0.18506812598370476) (0.9938702752670221, 1.2295210826626818e-06, -2.9124322603091797e-06, 0.11055259350490106) [2.9200345846621723, 0, 0]



(-1.5707962655617682, -1.5707963743179045, -1.570796425504381, 1.5707965591017006, -1.5707966523522967, -1.5707964329153845, -0.05099998413265046, 0.05100001066599389)

(0.19128039528120955, 0.2930939762529563, 0.44642588261078753) (0.09348763513692769, 0.03229061629046037, 0.0034831273724111335, 0.995090571757061) [0.18776162121580844, 0.06365589799079237, 0.012996288300985133]
